                          PanelOLS Estimation Summary                           
================================================================================
Dep. Variable:                returns   R-squared:                        0.4155
Estimator:                   PanelOLS   R-squared (Between):             -0.4636
No. Observations:                1776   R-squared (Within):               0.4155
Date:                Thu, Apr 17 2025   R-squared (Overall):              0.4054
Time:                        13:36:25   Log-likelihood                   -5659.6
Cov. Estimator:        Driscoll-Kraay                                           
                                        F-statistic:                      27.383
Entities:                          37   P-value                           0.0000
Avg Obs:                       48.000   Distribution:                 F(44,1695)
Min Obs:                       48.000                                           
Max Obs:                       48.000   F-statistic (robust):          3.073e+04
                                        P-value                           0.0000
Time periods:                      48   Distribution:                 F(44,1695)
Avg Obs:                       37.000                                           
Min Obs:                       37.000                                           
Max Obs:                       37.000                                           
                                                                                
                             Parameter Estimates                              
==============================================================================
            Parameter  Std. Err.     T-stat    P-value    Lower CI    Upper CI
------------------------------------------------------------------------------
const          1.0728     5.8602     0.1831     0.8548     -10.421      12.567
WRxAR          0.6216     0.2724     2.2821     0.0226      0.0874      1.1558
WRxAT          0.4481     0.1219     3.6750     0.0002      0.2090      0.6873
WRxBE          0.8659     0.1468     5.9007     0.0000      0.5781      1.1538
WRxBR          1.8538     0.2882     6.4317     0.0000      1.2885      2.4191
WRxCA          0.8725     0.1085     8.0441     0.0000      0.6597      1.0852
WRxCH          0.8187     0.0677     12.084     0.0000      0.6858      0.9516
WRxCL          0.9242     0.1275     7.2507     0.0000      0.6742      1.1742
WRxCO          0.6784     0.1806     3.7572     0.0002      0.3243      1.0326
WRxCZ          0.7021     0.2254     3.1147     0.0019      0.2600      1.1443
WRxDE          1.4035     0.1066     13.166     0.0000      1.1944      1.6125
WRxDK          0.9484     0.1036     9.1510     0.0000      0.7451      1.1516
WRxES          1.0580     0.0747     14.154     0.0000      0.9114      1.2046
WRxFI          1.5707     0.2469     6.3613     0.0000      1.0864      2.0551
WRxFR          1.2474     0.0628     19.877     0.0000      1.1243      1.3705
WRxGB          0.8855     0.0407     21.750     0.0000      0.8057      0.9654
WRxGR          1.0209     0.1777     5.7441     0.0000      0.6723      1.3696
WRxHK          0.9581     0.1254     7.6398     0.0000      0.7121      1.2040
WRxHU          0.8590     0.1502     5.7200     0.0000      0.5645      1.1536
WRxID          0.8925     0.2475     3.6065     0.0003      0.4071      1.3778
WRxIL          0.8974     0.2054     4.3687     0.0000      0.4945      1.3003
WRxIT          1.0510     0.0785     13.382     0.0000      0.8970      1.2051
WRxJP          0.5786     0.1192     4.8534     0.0000      0.3447      0.8124
WRxKR          1.2687     0.1585     8.0037     0.0000      0.9578      1.5796
WRxMY          0.4151     0.1396     2.9737     0.0030      0.1413      0.6889
WRxMX          0.8497     0.1083     7.8448     0.0000      0.6373      1.0621
WRxNL          1.1803     0.0986     11.968     0.0000      0.9869      1.3737
WRxNO          1.0524     0.0864     12.183     0.0000      0.8830      1.2219
WRxPH          0.4411     0.1936     2.2783     0.0228      0.0614      0.8208
WRxPL          1.0219     0.1095     9.3368     0.0000      0.8073      1.2366
WRxPT          0.8544     0.0988     8.6517     0.0000      0.6607      1.0481
WRxSE          1.6237     0.1105     14.697     0.0000      1.4070      1.8403
WRxSG          0.7834     0.1321     5.9288     0.0000      0.5243      1.0426
WRxTH          1.0838     0.2119     5.1148     0.0000      0.6682      1.4994
WRxTR          2.4755     0.4947     5.0041     0.0000      1.5052      3.4458
WRxUS          0.9120     0.0332     27.461     0.0000      0.8469      0.9771
WRxVE          0.6359     0.2386     2.6654     0.0078      0.1680      1.1038
WRxZA          0.7240     0.1882     3.8467     0.0001      0.3548      1.0932
gdp_cap        1.0959     16.224     0.0676     0.9462     -30.725      32.917
0              0.1249     0.1069     1.1681     0.2429     -0.0848      0.3346
1             -0.1549     0.1068    -1.4508     0.1470     -0.3644      0.0545
2             -0.0460     0.0719    -0.6402     0.5221     -0.1869      0.0949
3             -0.0038     0.0732    -0.0521     0.9584     -0.1474      0.1397
4             -0.0639     0.0835    -0.7648     0.4445     -0.2277      0.0999
variances     -0.0002     0.0002    -0.8633     0.3881     -0.0007      0.0003
==============================================================================

F-test for Poolability: 0.7109
P-value: 0.8997
Distribution: F(36,1695)

Included effects: Entity